
optim:adam r:4.0 lamb:0.01, d:100, temp:2.0, lr:0.0001, N_1:30, N_2:30
49	1.56	0.2354 7.0 0.0000 0.3000 0.6000	0.2354 7.0 0.0000 0.3000 0.6000
99	1.90	0.2354 7.0 0.0000 0.3000 0.6000	0.2354 7.0 0.0000 0.3000 0.6000
149	2.20	0.2354 7.0 0.0000 0.3000 0.6000	0.2354 7.0 0.0000 0.3000 0.6000
199	2.53	0.2354 7.0 0.0000 0.3000 0.6000	0.2354 7.0 0.0000 0.3000 0.6000
249	2.85	0.2354 7.0 0.0000 0.3000 0.6000	0.2354 7.0 0.0000 0.3000 0.6000
299	3.16	0.2354 7.0 0.0000 0.3000 0.6000	0.2354 7.0 0.0000 0.3000 0.6000
349	3.46	0.2521 6.9 0.0000 0.3000 0.6000	0.2521 6.9 0.0000 0.3000 0.6000
399	3.83	0.2521 6.9 0.0000 0.3000 0.6000	0.2521 6.9 0.0000 0.3000 0.6000
449	4.23	0.2521 6.9 0.0000 0.3000 0.6000	0.2521 6.9 0.0000 0.3000 0.6000
499	4.64	0.2521 6.9 0.0000 0.3000 0.6000	0.2521 6.9 0.0000 0.3000 0.6000
549	4.97	0.2521 6.9 0.0000 0.3000 0.6000	0.2521 6.9 0.0000 0.3000 0.6000
599	5.35	0.2521 6.9 0.0000 0.3000 0.6000	0.2521 6.9 0.0000 0.3000 0.6000
649	5.76	0.2521 6.9 0.0000 0.3000 0.6000	0.2521 6.9 0.0000 0.3000 0.6000
699	6.12	0.2521 6.9 0.0000 0.3000 0.6000	0.2521 6.9 0.0000 0.3000 0.6000
749	6.42	0.3015 6.9 0.1000 0.3000 0.6000	0.3015 6.9 0.1000 0.3000 0.6000
799	6.80	0.3098 6.8 0.1000 0.4000 0.6000	0.3098 6.8 0.1000 0.4000 0.6000
849	7.19	0.3098 6.8 0.1000 0.4000 0.6000	0.3098 6.8 0.1000 0.4000 0.6000
899	7.59	0.3148 6.7 0.1000 0.4000 0.6000	0.3148 6.7 0.1000 0.4000 0.6000
949	7.99	0.3148 6.7 0.1000 0.4000 0.6000	0.3148 6.7 0.1000 0.4000 0.6000
999	8.40	0.3148 6.7 0.1000 0.4000 0.6000	0.3148 6.7 0.1000 0.4000 0.6000
best_performance: 899	7.59	0.3148 6.7 0.1000 0.4000 0.6000	0.3148 6.7 0.1000 0.4000 0.6000

optim:adam r:4.0 lamb:0.01, d:100, temp:2.0, lr:0.0001, N_1:30, N_2:30

optim:adam r:4.0 lamb:0.01, d:100, temp:2.0, lr:0.0001, N_1:30, N_2:30

optim:adam r:4.0 lamb:0.01, d:100, temp:2.0, lr:0.0001, N_1:30, N_2:30

optim:adam r:4.0 lamb:0.01, d:100, temp:2.0, lr:0.0001, N_1:30, N_2:30

optim:adam r:4.0 lamb:0.01, d:100, temp:2.0, lr:0.0001, N_1:30, N_2:30

optim:adam r:4.0 lamb:0.01, d:100, temp:2.0, lr:0.0001, N_1:30, N_2:30

optim:adam r:4.0 lamb:0.01, d:100, temp:2.0, lr:0.0001, N_1:30, N_2:30

optim:adam r:4.0 lamb:0.01, d:100, temp:2.0, lr:0.0001, N_1:30, N_2:30

optim:adam r:4.0 lamb:0.01, d:100, temp:2.0, lr:0.0001, N_1:30, N_2:30

optim:adam r:4.0 lamb:0.01, d:100, temp:2.0, lr:0.0001, N_1:30, N_2:30

optim:adam r:4.0 lamb:0.01, d:100, temp:2.0, lr:0.0001, N_1:30, N_2:30

optim:adam r:4.0 lamb:0.01, d:100, temp:2.0, lr:0.0001, N_1:30, N_2:30
49	8.68	0.1653 6.9 0.0000 0.0000 0.8000	0.1653 6.9 0.0000 0.0000 0.8000
99	9.01	0.1653 6.9 0.0000 0.0000 0.8000	0.1653 6.9 0.0000 0.0000 0.8000
149	9.34	0.1653 6.9 0.0000 0.0000 0.8000	0.1653 6.9 0.0000 0.0000 0.8000
199	9.68	0.1629 7.0 0.0000 0.0000 0.8000	0.1629 7.0 0.0000 0.0000 0.8000
249	10.04	0.1679 7.0 0.0000 0.1000 0.8000	0.1679 7.0 0.0000 0.1000 0.8000
299	10.45	0.1679 7.0 0.0000 0.1000 0.8000	0.1679 7.0 0.0000 0.1000 0.8000
349	10.83	0.1679 7.0 0.0000 0.1000 0.8000	0.1679 7.0 0.0000 0.1000 0.8000
399	11.23	0.1602 7.0 0.0000 0.0000 0.8000	0.1602 7.0 0.0000 0.0000 0.8000
449	11.62	0.1651 6.9 0.0000 0.0000 0.8000	0.1651 6.9 0.0000 0.0000 0.8000
499	12.01	0.1604 7.1 0.0000 0.0000 0.8000	0.1604 7.1 0.0000 0.0000 0.8000
549	12.35	0.1662 6.9 0.0000 0.0000 0.8000	0.1662 6.9 0.0000 0.0000 0.8000
599	12.68	0.1636 6.9 0.0000 0.0000 0.8000	0.1636 6.9 0.0000 0.0000 0.8000
649	13.05	0.1636 6.9 0.0000 0.0000 0.8000	0.1636 6.9 0.0000 0.0000 0.8000
699	13.42	0.1636 6.9 0.0000 0.0000 0.8000	0.1636 6.9 0.0000 0.0000 0.8000
749	13.79	0.1636 6.9 0.0000 0.0000 0.8000	0.1636 6.9 0.0000 0.0000 0.8000
799	14.12	0.1618 7.0 0.0000 0.0000 0.8000	0.1618 7.0 0.0000 0.0000 0.8000
849	14.53	0.1618 7.0 0.0000 0.0000 0.8000	0.1618 7.0 0.0000 0.0000 0.8000
899	14.90	0.1568 7.1 0.0000 0.0000 0.8000	0.1568 7.1 0.0000 0.0000 0.8000
949	15.28	0.1618 7.0 0.0000 0.0000 0.8000	0.1618 7.0 0.0000 0.0000 0.8000
999	15.66	0.1618 7.0 0.0000 0.0000 0.8000	0.1618 7.0 0.0000 0.0000 0.8000
best_performance: 249	10.04	0.1679 7.0 0.0000 0.1000 0.8000	0.1679 7.0 0.0000 0.1000 0.8000

optim:adam r:4.0 lamb:0.01, d:100, temp:2.0, lr:0.0001, N_1:30, N_2:30

optim:adam r:4.0 lamb:0.01, d:100, temp:2.0, lr:0.0001, N_1:30, N_2:30
49	1.54	0.1453 10.1 0.0000 0.1000 0.4000	0.1453 10.1 0.0000 0.1000 0.4000
99	1.81	0.1439 10.2 0.0000 0.1000 0.4000	0.1439 10.2 0.0000 0.1000 0.4000
149	2.07	0.1453 10.1 0.0000 0.1000 0.4000	0.1453 10.1 0.0000 0.1000 0.4000
199	2.32	0.1453 10.1 0.0000 0.1000 0.4000	0.1453 10.1 0.0000 0.1000 0.4000
249	2.56	0.1442 10.2 0.0000 0.1000 0.4000	0.1442 10.2 0.0000 0.1000 0.4000
299	2.82	0.1442 10.2 0.0000 0.1000 0.4000	0.1442 10.2 0.0000 0.1000 0.4000
349	3.06	0.1457 10.0 0.0000 0.1000 0.5000	0.1457 10.0 0.0000 0.1000 0.5000
399	3.31	0.1457 10.0 0.0000 0.1000 0.5000	0.1457 10.0 0.0000 0.1000 0.5000
449	3.56	0.1448 10.1 0.0000 0.1000 0.4000	0.1448 10.1 0.0000 0.1000 0.4000
499	3.80	0.1448 10.1 0.0000 0.1000 0.4000	0.1448 10.1 0.0000 0.1000 0.4000
549	4.05	0.1454 10.0 0.0000 0.1000 0.4000	0.1454 10.0 0.0000 0.1000 0.4000
599	4.29	0.1457 10.0 0.0000 0.1000 0.5000	0.1457 10.0 0.0000 0.1000 0.5000
649	4.54	0.1457 10.0 0.0000 0.1000 0.5000	0.1457 10.0 0.0000 0.1000 0.5000
699	4.79	0.1290 10.1 0.0000 0.1000 0.5000	0.1290 10.1 0.0000 0.1000 0.5000
749	5.04	0.1290 10.1 0.0000 0.1000 0.5000	0.1290 10.1 0.0000 0.1000 0.5000
799	5.29	0.1231 10.3 0.0000 0.1000 0.4000	0.1231 10.3 0.0000 0.1000 0.4000
849	5.54	0.1231 10.3 0.0000 0.1000 0.4000	0.1231 10.3 0.0000 0.1000 0.4000
899	5.81	0.1231 10.3 0.0000 0.1000 0.4000	0.1231 10.3 0.0000 0.1000 0.4000
949	6.06	0.1240 10.2 0.0000 0.1000 0.5000	0.1240 10.2 0.0000 0.1000 0.5000
999	6.31	0.1240 10.2 0.0000 0.1000 0.5000	0.1240 10.2 0.0000 0.1000 0.5000
best_performance: 349	3.06	0.1457 10.0 0.0000 0.1000 0.5000	0.1457 10.0 0.0000 0.1000 0.5000

optim:adam r:4.0 lamb:0.01, d:100, temp:2.0, lr:0.0001, N_1:30, N_2:30
49	1.53	0.2071 7.8 0.0000 0.2000 0.8000	0.2071 7.8 0.0000 0.2000 0.8000
99	1.78	0.1974 7.9 0.0000 0.3000 0.8000	0.1974 7.9 0.0000 0.3000 0.8000
149	2.04	0.1974 7.9 0.0000 0.3000 0.8000	0.1974 7.9 0.0000 0.3000 0.8000
199	2.29	0.2024 7.8 0.0000 0.3000 0.8000	0.2024 7.8 0.0000 0.3000 0.8000
249	2.54	0.2107 7.7 0.0000 0.4000 0.8000	0.2107 7.7 0.0000 0.4000 0.8000
299	2.80	0.2118 7.6 0.0000 0.4000 0.8000	0.2118 7.6 0.0000 0.4000 0.8000
349	3.05	0.2118 7.6 0.0000 0.4000 0.8000	0.2118 7.6 0.0000 0.4000 0.8000
399	3.30	0.1962 7.6 0.0000 0.4000 0.8000	0.1962 7.6 0.0000 0.4000 0.8000
449	3.55	0.1829 7.8 0.0000 0.3000 0.8000	0.1829 7.8 0.0000 0.3000 0.8000
499	3.80	0.1829 7.8 0.0000 0.3000 0.8000	0.1829 7.8 0.0000 0.3000 0.8000
549	4.06	0.1829 7.8 0.0000 0.3000 0.8000	0.1829 7.8 0.0000 0.3000 0.8000
599	4.33	0.1829 7.8 0.0000 0.3000 0.8000	0.1829 7.8 0.0000 0.3000 0.8000
649	4.59	0.1760 7.8 0.0000 0.2000 0.8000	0.1760 7.8 0.0000 0.2000 0.8000
699	4.84	0.1749 7.9 0.0000 0.2000 0.8000	0.1749 7.9 0.0000 0.2000 0.8000
749	5.10	0.1749 7.9 0.0000 0.2000 0.8000	0.1749 7.9 0.0000 0.2000 0.8000
799	5.36	0.1749 7.9 0.0000 0.2000 0.8000	0.1749 7.9 0.0000 0.2000 0.8000
849	5.62	0.1749 7.9 0.0000 0.2000 0.8000	0.1749 7.9 0.0000 0.2000 0.8000
899	5.88	0.1749 7.9 0.0000 0.2000 0.8000	0.1749 7.9 0.0000 0.2000 0.8000
949	6.14	0.1749 7.9 0.0000 0.2000 0.8000	0.1749 7.9 0.0000 0.2000 0.8000
999	6.44	0.1749 7.9 0.0000 0.2000 0.8000	0.1749 7.9 0.0000 0.2000 0.8000
best_performance: 299	2.80	0.2118 7.6 0.0000 0.4000 0.8000	0.2118 7.6 0.0000 0.4000 0.8000

optim:adam r:4.0 lamb:0.01, d:100, temp:2.0, lr:0.0001, N_1:30, N_2:30

optim:adam r:4.0 lamb:0.01, d:100, temp:2.0, lr:0.0001, N_1:30, N_2:30

optim:adam r:4.0 lamb:0.01, d:100, temp:2.0, lr:0.0001, N_1:30, N_2:30
