best_performance: 49	7.91	0.4200 4.0 0.2000 0.5000 1.0000	0.4200 4.0 0.2000 0.5000 1.0000
best_performance: 449	2.44	0.4918 5.2 0.4000 0.4000 0.8000	0.4918 5.2 0.4000 0.4000 0.8000
[{'mrr':0.4200, 'best_performance': [49	7.91 4.0 0.2000 0.5000 1.0000	0.4200 4.0 0.2000 0.5000 1.0000]}]best_performance: 99	0.51	0.4421 5.1 0.3000 0.4000 0.9000	0.4421 5.1 0.3000 0.4000 0.9000
best_performance: 49	1.50	0.2548 6.1 0.0000 0.3000 0.9000	0.2548 6.1 0.0000 0.3000 0.9000
best_performance: 49	1.54	0.3759 5.3 0.1000 0.5000 0.8000	0.3759 5.3 0.1000 0.5000 0.8000
best_performance: 49	1.64	0.4569 4.4 0.3000 0.4000 0.9000	0.4569 4.4 0.3000 0.4000 0.9000
best_performance: 49	1.54	0.3992 5.5 0.2000 0.5000 0.8000	0.3992 5.5 0.2000 0.5000 0.8000
best_performance: 49	7.65	0.2937 6.2 0.1000 0.3000 0.8000	0.2937 6.2 0.1000 0.3000 0.8000
best_performance: 49	1.45	0.4496 5.3 0.3000 0.6000 0.7000	0.4496 5.3 0.3000 0.6000 0.7000
best_performance: 49	1.44	0.3229 7.9 0.2000 0.4000 0.6000	0.3229 7.9 0.2000 0.4000 0.6000
best_performance: 99	1.67	0.2600 6.7 0.1000 0.2000 0.8000	0.2600 6.7 0.1000 0.2000 0.8000
best_performance: 49	1.41	0.3428 4.4 0.0000 0.6000 0.9000	0.3428 4.4 0.0000 0.6000 0.9000
best_performance: 49	1.59	0.4296 5.8 0.2000 0.6000 0.7000	0.4296 5.8 0.2000 0.6000 0.7000
best_performance: 49	1.44	0.2692 6.4 0.1000 0.2000 0.9000	0.2692 6.4 0.1000 0.2000 0.9000
best_performance: 49	1.80	0.3303 5.5 0.1000 0.5000 0.8000	0.3303 5.5 0.1000 0.5000 0.8000
best_performance: 49	1.59	0.3377 4.5 0.1000 0.5000 0.9000	0.3377 4.5 0.1000 0.5000 0.9000
best_performance: 49	1.60	0.2452 5.4 0.0000 0.2000 0.9000	0.2452 5.4 0.0000 0.2000 0.9000
best_performance: 49	1.75	0.3779 5.9 0.2000 0.5000 0.7000	0.3779 5.9 0.2000 0.5000 0.7000
best_performance: 49	1.58	0.3112 6.1 0.1000 0.4000 0.8000	0.3112 6.1 0.1000 0.4000 0.8000
best_performance: 99	1.87	0.3944 5.2 0.2000 0.4000 0.8000	0.3944 5.2 0.2000 0.4000 0.8000
best_performance: 49	1.60	0.4143 5.6 0.2000 0.5000 0.8000	0.4143 5.6 0.2000 0.5000 0.8000
best_performance: 49	1.56	0.3436 4.7 0.1000 0.5000 0.9000	0.3436 4.7 0.1000 0.5000 0.9000
best_performance: 49	1.56	0.5251 4.4 0.4000 0.6000 0.8000	0.5251 4.4 0.4000 0.6000 0.8000
best_performance: 99	1.79	0.2296 6.0 0.0000 0.2000 0.9000	0.2296 6.0 0.0000 0.2000 0.9000
best_performance: 99	1.98	0.1881 8.3 0.0000 0.2000 0.5000	0.1881 8.3 0.0000 0.2000 0.5000
best_performance: 99	1.93	0.3159 7.2 0.2000 0.2000 0.7000	0.3159 7.2 0.2000 0.2000 0.7000
best_performance: 49	1.53	0.2773 7.4 0.1000 0.4000 0.7000	0.2773 7.4 0.1000 0.4000 0.7000
best_performance: 99	1.86	0.5167 2.4 0.2000 0.8000 1.0000	0.5167 2.4 0.2000 0.8000 1.0000
best_performance: 99	1.94	0.3885 5.7 0.2000 0.4000 0.8000	0.3885 5.7 0.2000 0.4000 0.8000
best_performance: 99	1.82	0.2888 8.3 0.2000 0.2000 0.5000	0.2888 8.3 0.2000 0.2000 0.5000
best_performance: 99	1.80	0.3264 5.6 0.1000 0.4000 0.8000	0.3264 5.6 0.1000 0.4000 0.8000
best_performance: 99	1.86	0.3620 4.6 0.1000 0.5000 0.9000	0.3620 4.6 0.1000 0.5000 0.9000
best_performance: 99	1.89	0.3664 4.7 0.1000 0.5000 0.9000	0.3664 4.7 0.1000 0.5000 0.9000
best_performance: 99	1.81	0.3494 6.0 0.2000 0.3000 0.8000	0.3494 6.0 0.2000 0.3000 0.8000
best_performance: 49	1.55	0.2981 5.3 0.0000 0.4000 0.9000	0.2981 5.3 0.0000 0.4000 0.9000
best_performance: 49	1.59	0.3347 7.9 0.2000 0.4000 0.6000	0.3347 7.9 0.2000 0.4000 0.6000
best_performance: 99	1.88	0.3111 7.2 0.2000 0.2000 0.7000	0.3111 7.2 0.2000 0.2000 0.7000
best_performance: 99	1.86	0.2713 6.2 0.0000 0.4000 0.8000	0.2713 6.2 0.0000 0.4000 0.8000
best_performance: 49	1.58	0.6179 3.8 0.5000 0.6000 0.9000	0.6179 3.8 0.5000 0.6000 0.9000
best_performance: 99	1.86	0.3482 5.7 0.1000 0.5000 0.9000	0.3482 5.7 0.1000 0.5000 0.9000
best_performance: 49	1.63	0.4253 5.3 0.3000 0.4000 0.8000	0.4253 5.3 0.3000 0.4000 0.8000
best_performance: 99	0.69	0.4252 5.5 0.3000 0.4000 0.8000	0.4252 5.5 0.3000 0.4000 0.8000
best_performance: 99	1.83	0.2643 6.3 0.1000 0.2000 0.8000	0.2643 6.3 0.1000 0.2000 0.8000
best_performance: 49	1.73	0.3114 7.9 0.2000 0.3000 0.5000	0.3114 7.9 0.2000 0.3000 0.5000
best_performance: 99	1.85	0.3745 6.4 0.2000 0.4000 0.7000	0.3745 6.4 0.2000 0.4000 0.7000
best_performance: 49	7.62	0.2616 7.1 0.1000 0.2000 0.7000	0.2616 7.1 0.1000 0.2000 0.7000
best_performance: 899	6.10	0.4583 4.8 0.3000 0.5000 0.8000	0.4583 4.8 0.3000 0.5000 0.8000
best_performance: 499	3.89	0.4111 5.8 0.3000 0.4000 0.8000	0.4111 5.8 0.3000 0.4000 0.8000
best_performance: 599	4.35	0.4830 6.3 0.4000 0.5000 0.7000	0.4830 6.3 0.4000 0.5000 0.7000
best_performance: 649	4.70	0.5319 3.3 0.3000 0.7000 1.0000	0.5319 3.3 0.3000 0.7000 1.0000
best_performance: 649	4.65	0.4986 4.3 0.3000 0.7000 0.9000	0.4986 4.3 0.3000 0.7000 0.9000
best_performance: 199	2.28	0.4267 6.2 0.3000 0.4000 0.8000	0.4267 6.2 0.3000 0.4000 0.8000
best_performance: 99	1.94	0.3119 7.1 0.2000 0.2000 0.6000	0.3119 7.1 0.2000 0.2000 0.6000
best_performance: 99	1.70	0.1667 8.0 0.0000 0.1000 0.7000	0.1667 8.0 0.0000 0.1000 0.7000
best_performance: 49	0.50	0.2925 4.6 0.0000 0.4000 1.0000	0.2925 4.6 0.0000 0.4000 1.0000
best_performance: 49	0.46	0.3810 5.0 0.2000 0.4000 0.9000	0.3810 5.0 0.2000 0.4000 0.9000
best_performance: 99	0.62	0.2129 7.0 0.0000 0.2000 0.8000	0.2129 7.0 0.0000 0.2000 0.8000
best_performance: 99	7.58	0.3371 7.1 0.2000 0.3000 0.6000	0.3371 7.1 0.2000 0.3000 0.6000
best_performance: 199	2.62	0.3835 5.5 0.2000 0.4000 0.8000	0.3835 5.5 0.2000 0.4000 0.8000
best_performance: 449	3.53	0.5569 4.0 0.4000 0.6000 0.9000	0.5569 4.0 0.4000 0.6000 0.9000
best_performance: 49	1.50	0.4508 3.8 0.2000 0.6000 1.0000	0.4508 3.8 0.2000 0.6000 1.0000
best_performance: 99	1.84	0.2407 6.9 0.0000 0.4000 0.7000	0.2407 6.9 0.0000 0.4000 0.7000
best_performance: 99	1.80	0.4162 4.2 0.2000 0.5000 1.0000	0.4162 4.2 0.2000 0.5000 1.0000
best_performance: 99	1.81	0.3650 6.9 0.2000 0.4000 0.6000	0.3650 6.9 0.2000 0.4000 0.6000
best_performance: 49	1.51	0.3636 5.5 0.2000 0.4000 0.9000	0.3636 5.5 0.2000 0.4000 0.9000
best_performance: 699	4.91	0.4408 5.9 0.3000 0.5000 0.7000	0.4408 5.9 0.3000 0.5000 0.7000
best_performance: 49	1.63	0.4246 4.7 0.3000 0.4000 1.0000	0.4246 4.7 0.3000 0.4000 1.0000
best_performance: 149	8.75	0.5172 4.0 0.4000 0.5000 1.0000	0.5172 4.0 0.4000 0.5000 1.0000
best_performance: 249	2.77	0.4394 4.1 0.2000 0.6000 1.0000	0.4394 4.1 0.2000 0.6000 1.0000
best_performance: 549	2.96	0.6006 4.0 0.5000 0.7000 0.9000	0.6006 4.0 0.5000 0.7000 0.9000
best_performance: 399	10.12	0.4736 4.4 0.3000 0.6000 0.9000	0.4736 4.4 0.3000 0.6000 0.9000
best_performance: 899	5.99	0.4254 5.9 0.3000 0.4000 0.8000	0.4254 5.9 0.3000 0.4000 0.8000
best_performance: 399	3.43	0.4608 4.9 0.3000 0.5000 0.8000	0.4608 4.9 0.3000 0.5000 0.8000
best_performance: 849	11.49	0.4995 5.4 0.4000 0.5000 0.8000	0.4995 5.4 0.4000 0.5000 0.8000
best_performance: 299	3.55	0.4539 5.8 0.3000 0.5000 0.8000	0.4539 5.8 0.3000 0.5000 0.8000
best_performance: 49	0.61	0.3971 6.6 0.3000 0.4000 0.8000	0.3971 6.6 0.3000 0.4000 0.8000
best_performance: 999	6.54	0.5014 4.9 0.4000 0.5000 0.9000	0.5014 4.9 0.4000 0.5000 0.9000
best_performance: 949	19.89	0.4482 5.5 0.3000 0.5000 0.9000	0.4482 5.5 0.3000 0.5000 0.9000
best_performance: 899	5.38	0.3744 6.0 0.1000 0.6000 0.7000	0.3744 6.0 0.1000 0.6000 0.7000
best_performance: 49	1.41	0.5438 3.9 0.4000 0.7000 0.9000	0.5438 3.9 0.4000 0.7000 0.9000
best_performance: 449	4.18	0.4500 4.3 0.2000 0.6000 0.8000	0.4500 4.3 0.2000 0.6000 0.8000
best_performance: 949	6.87	0.4917 3.5 0.3000 0.6000 1.0000	0.4917 3.5 0.3000 0.6000 1.0000
best_performance: 899	5.57	0.4160 5.4 0.2000 0.6000 0.8000	0.4160 5.4 0.2000 0.6000 0.8000
best_performance: 599	3.60	0.4254 4.4 0.2000 0.6000 0.9000	0.4254 4.4 0.2000 0.6000 0.9000
best_performance: 349	3.23	0.4036 6.3 0.3000 0.3000 0.8000	0.4036 6.3 0.3000 0.3000 0.8000
best_performance: 49	0.35	0.4908 3.4 0.3000 0.6000 1.0000	0.4908 3.4 0.3000 0.6000 1.0000
best_performance: 849	5.35	0.5694 3.4 0.4000 0.7000 0.9000	0.5694 3.4 0.4000 0.7000 0.9000
