
optim:adam r:4.0 lamb:0.01, d:100, temp:2.0, lr:0.0001, N_1:30, N_2:30

optim:adam r:4.0 lamb:0.01, d:100, temp:2.0, lr:0.0001, N_1:30, N_2:30

optim:adam r:4.0 lamb:0.01, d:100, temp:2.0, lr:0.0001, N_1:30, N_2:30

optim:adam r:4.0 lamb:0.01, d:100, temp:2.0, lr:0.0001, N_1:30, N_2:30
49	1.83	0.1368 9.6 0.0000 0.0000 0.4000	0.1368 9.6 0.0000 0.0000 0.4000
99	2.22	0.1415 9.6 0.0000 0.0000 0.5000	0.1415 9.6 0.0000 0.0000 0.5000
149	2.61	0.1449 9.6 0.0000 0.1000 0.5000	0.1449 9.6 0.0000 0.1000 0.5000
199	3.01	0.1588 9.3 0.0000 0.2000 0.5000	0.1588 9.3 0.0000 0.2000 0.5000
249	3.40	0.1594 9.2 0.0000 0.2000 0.5000	0.1594 9.2 0.0000 0.2000 0.5000
299	3.78	0.1746 9.3 0.0000 0.2000 0.4000	0.1746 9.3 0.0000 0.2000 0.4000
349	4.22	0.1763 9.1 0.0000 0.2000 0.5000	0.1763 9.1 0.0000 0.2000 0.5000
399	4.67	0.1730 9.2 0.0000 0.2000 0.5000	0.1730 9.2 0.0000 0.2000 0.5000
449	5.10	0.1905 9.0 0.0000 0.2000 0.6000	0.1905 9.0 0.0000 0.2000 0.6000
499	5.54	0.1882 9.1 0.0000 0.2000 0.6000	0.1882 9.1 0.0000 0.2000 0.6000
549	5.99	0.1855 9.3 0.0000 0.2000 0.5000	0.1855 9.3 0.0000 0.2000 0.5000
599	6.45	0.1830 9.5 0.0000 0.2000 0.5000	0.1830 9.5 0.0000 0.2000 0.5000
649	6.92	0.1813 9.7 0.0000 0.2000 0.4000	0.1813 9.7 0.0000 0.2000 0.4000
699	7.37	0.1805 9.8 0.0000 0.2000 0.4000	0.1805 9.8 0.0000 0.2000 0.4000
749	7.83	0.1799 9.9 0.0000 0.2000 0.4000	0.1799 9.9 0.0000 0.2000 0.4000
799	8.27	0.1807 9.8 0.0000 0.2000 0.4000	0.1807 9.8 0.0000 0.2000 0.4000
849	8.79	0.1801 9.9 0.0000 0.2000 0.4000	0.1801 9.9 0.0000 0.2000 0.4000
899	9.23	0.1795 10.0 0.0000 0.2000 0.4000	0.1795 10.0 0.0000 0.2000 0.4000
949	9.68	0.1804 9.9 0.0000 0.2000 0.5000	0.1804 9.9 0.0000 0.2000 0.5000
999	10.15	0.1765 9.9 0.0000 0.2000 0.5000	0.1765 9.9 0.0000 0.2000 0.5000
best_performance: 449	5.10	0.1905 9.0 0.0000 0.2000 0.6000	0.1905 9.0 0.0000 0.2000 0.6000

optim:adam r:4.0 lamb:0.01, d:100, temp:2.0, lr:0.0001, N_1:30, N_2:30
49	1.63	0.2082 7.3 0.0000 0.3000 0.8000	0.2082 7.3 0.0000 0.3000 0.8000
99	2.02	0.2028 7.4 0.0000 0.2000 0.8000	0.2028 7.4 0.0000 0.2000 0.8000
149	2.41	0.2285 7.4 0.0000 0.3000 0.8000	0.2285 7.4 0.0000 0.3000 0.8000
199	2.80	0.2289 7.3 0.0000 0.3000 0.8000	0.2289 7.3 0.0000 0.3000 0.8000
249	3.19	0.2217 7.4 0.0000 0.3000 0.8000	0.2217 7.4 0.0000 0.3000 0.8000
299	3.57	0.2331 7.6 0.0000 0.3000 0.8000	0.2331 7.6 0.0000 0.3000 0.8000
349	3.98	0.2267 7.8 0.0000 0.3000 0.8000	0.2267 7.8 0.0000 0.3000 0.8000
399	4.41	0.2103 7.9 0.0000 0.3000 0.8000	0.2103 7.9 0.0000 0.3000 0.8000
449	4.85	0.2103 7.9 0.0000 0.3000 0.8000	0.2103 7.9 0.0000 0.3000 0.8000
499	5.31	0.2087 8.1 0.0000 0.3000 0.7000	0.2087 8.1 0.0000 0.3000 0.7000
549	5.75	0.2030 8.5 0.0000 0.3000 0.6000	0.2030 8.5 0.0000 0.3000 0.6000
599	6.20	0.2024 8.6 0.0000 0.3000 0.6000	0.2024 8.6 0.0000 0.3000 0.6000
649	6.70	0.2024 8.6 0.0000 0.3000 0.6000	0.2024 8.6 0.0000 0.3000 0.6000
699	7.16	0.2024 8.6 0.0000 0.3000 0.6000	0.2024 8.6 0.0000 0.3000 0.6000
749	7.62	0.2018 8.7 0.0000 0.3000 0.6000	0.2018 8.7 0.0000 0.3000 0.6000
799	8.08	0.2018 8.7 0.0000 0.3000 0.6000	0.2018 8.7 0.0000 0.3000 0.6000
849	8.59	0.2014 8.8 0.0000 0.3000 0.6000	0.2014 8.8 0.0000 0.3000 0.6000
899	9.05	0.2027 8.8 0.0000 0.3000 0.6000	0.2027 8.8 0.0000 0.3000 0.6000
949	9.51	0.2004 8.9 0.0000 0.3000 0.6000	0.2004 8.9 0.0000 0.3000 0.6000
999	9.98	0.2004 8.9 0.0000 0.3000 0.6000	0.2004 8.9 0.0000 0.3000 0.6000
best_performance: 299	3.57	0.2331 7.6 0.0000 0.3000 0.8000	0.2331 7.6 0.0000 0.3000 0.8000

optim:adam r:4.0 lamb:0.01, d:100, temp:2.0, lr:0.0001, N_1:30, N_2:30
49	1.69	0.1786 8.3 0.0000 0.2000 0.7000	0.1786 8.3 0.0000 0.2000 0.7000
99	2.08	0.1799 8.3 0.0000 0.2000 0.7000	0.1799 8.3 0.0000 0.2000 0.7000
149	2.46	0.1832 8.2 0.0000 0.2000 0.7000	0.1832 8.2 0.0000 0.2000 0.7000
199	2.85	0.1926 7.9 0.0000 0.2000 0.7000	0.1926 7.9 0.0000 0.2000 0.7000
249	3.23	0.1971 7.9 0.0000 0.2000 0.7000	0.1971 7.9 0.0000 0.2000 0.7000
299	3.61	0.1971 7.9 0.0000 0.2000 0.7000	0.1971 7.9 0.0000 0.2000 0.7000
349	4.01	0.1939 7.9 0.0000 0.2000 0.7000	0.1939 7.9 0.0000 0.2000 0.7000
399	4.45	0.1989 7.8 0.0000 0.2000 0.7000	0.1989 7.8 0.0000 0.2000 0.7000
449	4.88	0.2039 7.8 0.0000 0.3000 0.7000	0.2039 7.8 0.0000 0.3000 0.7000
499	5.31	0.2015 7.9 0.0000 0.3000 0.7000	0.2015 7.9 0.0000 0.3000 0.7000
549	5.75	0.1982 8.0 0.0000 0.3000 0.7000	0.1982 8.0 0.0000 0.3000 0.7000
599	6.19	0.2015 7.9 0.0000 0.3000 0.7000	0.2015 7.9 0.0000 0.3000 0.7000
649	6.62	0.2182 7.8 0.0000 0.3000 0.7000	0.2182 7.8 0.0000 0.3000 0.7000
699	7.07	0.2182 7.8 0.0000 0.3000 0.7000	0.2182 7.8 0.0000 0.3000 0.7000
749	7.55	0.2239 7.6 0.0000 0.3000 0.7000	0.2239 7.6 0.0000 0.3000 0.7000
799	7.99	0.2405 7.5 0.0000 0.3000 0.7000	0.2405 7.5 0.0000 0.3000 0.7000
849	8.43	0.2405 7.5 0.0000 0.3000 0.7000	0.2405 7.5 0.0000 0.3000 0.7000
899	8.87	0.2405 7.5 0.0000 0.3000 0.7000	0.2405 7.5 0.0000 0.3000 0.7000
949	9.34	0.2382 7.6 0.0000 0.3000 0.7000	0.2382 7.6 0.0000 0.3000 0.7000
999	9.82	0.2410 7.4 0.0000 0.3000 0.7000	0.2410 7.4 0.0000 0.3000 0.7000
best_performance: 999	9.82	0.2410 7.4 0.0000 0.3000 0.7000	0.2410 7.4 0.0000 0.3000 0.7000

optim:adam r:4.0 lamb:0.01, d:100, temp:2.0, lr:0.0001, N_1:30, N_2:30
49	1.65	0.1796 8.8 0.0000 0.2000 0.6000	0.1796 8.8 0.0000 0.2000 0.6000
99	2.04	0.1839 8.5 0.0000 0.2000 0.6000	0.1839 8.5 0.0000 0.2000 0.6000

optim:adam r:4.0 lamb:0.01, d:100, temp:2.0, lr:0.0001, N_1:30, N_2:30
49	1.66	0.1565 7.4 0.0000 0.1000 0.9000	0.1565 7.4 0.0000 0.1000 0.9000
99	2.09	0.1467 7.5 0.0000 0.0000 0.9000	0.1467 7.5 0.0000 0.0000 0.9000

optim:adam r:4.0 lamb:0.01, d:100, temp:2.0, lr:0.0001, N_1:30, N_2:30
49	1.64	0.1079 10.2 0.0000 0.0000 0.6000	0.1079 10.2 0.0000 0.0000 0.6000
99	2.03	0.1082 10.2 0.0000 0.0000 0.6000	0.1082 10.2 0.0000 0.0000 0.6000

optim:adam r:4.0 lamb:0.01, d:100, temp:2.0, lr:0.0001, N_1:30, N_2:30
49	1.64	0.1620 8.4 0.0000 0.1000 0.6000	0.1620 8.4 0.0000 0.1000 0.6000
99	2.03	0.1587 8.7 0.0000 0.1000 0.6000	0.1587 8.7 0.0000 0.1000 0.6000

optim:adam r:4.0 lamb:0.01, d:100, temp:2.0, lr:0.0001, N_1:30, N_2:30
49	1.67	0.1806 8.3 0.0000 0.2000 0.6000	0.1806 8.3 0.0000 0.2000 0.6000
99	2.06	0.1800 8.4 0.0000 0.2000 0.6000	0.1800 8.4 0.0000 0.2000 0.6000

optim:adam r:4.0 lamb:0.01, d:100, temp:2.0, lr:0.0001, N_1:30, N_2:30
49	1.69	0.1898 8.1 0.0000 0.2000 0.7000	0.1898 8.1 0.0000 0.2000 0.7000
99	2.09	0.2032 7.9 0.0000 0.3000 0.7000	0.2032 7.9 0.0000 0.3000 0.7000

optim:adam r:4.0 lamb:0.01, d:100, temp:2.0, lr:0.0001, N_1:30, N_2:30
49	1.73	0.2202 5.9 0.0000 0.2000 0.9000	0.2202 5.9 0.0000 0.2000 0.9000
99	2.14	0.2216 5.8 0.0000 0.2000 0.9000	0.2216 5.8 0.0000 0.2000 0.9000
149	2.56	0.2158 6.0 0.0000 0.2000 0.9000	0.2158 6.0 0.0000 0.2000 0.9000
199	2.95	0.2152 6.0 0.0000 0.2000 0.9000	0.2152 6.0 0.0000 0.2000 0.9000
249	3.34	0.2198 6.0 0.0000 0.2000 0.9000	0.2198 6.0 0.0000 0.2000 0.9000
299	3.72	0.2131 5.9 0.0000 0.2000 0.9000	0.2131 5.9 0.0000 0.2000 0.9000
349	4.15	0.2131 5.9 0.0000 0.2000 0.9000	0.2131 5.9 0.0000 0.2000 0.9000
399	4.58	0.2126 6.0 0.0000 0.2000 0.9000	0.2126 6.0 0.0000 0.2000 0.9000
449	5.01	0.2103 6.2 0.0000 0.2000 0.8000	0.2103 6.2 0.0000 0.2000 0.8000
499	5.44	0.2020 6.3 0.0000 0.1000 0.8000	0.2020 6.3 0.0000 0.1000 0.8000
549	5.88	0.2163 6.3 0.0000 0.1000 0.8000	0.2163 6.3 0.0000 0.1000 0.8000
599	6.33	0.2080 6.6 0.0000 0.2000 0.8000	0.2080 6.6 0.0000 0.2000 0.8000
649	6.81	0.2163 6.5 0.0000 0.3000 0.8000	0.2163 6.5 0.0000 0.3000 0.8000
699	7.26	0.2163 6.5 0.0000 0.3000 0.8000	0.2163 6.5 0.0000 0.3000 0.8000
749	7.71	0.2298 6.6 0.0000 0.3000 0.8000	0.2298 6.6 0.0000 0.3000 0.8000
799	8.15	0.2257 6.8 0.0000 0.3000 0.8000	0.2257 6.8 0.0000 0.3000 0.8000
849	8.67	0.2225 7.0 0.0000 0.3000 0.8000	0.2225 7.0 0.0000 0.3000 0.8000
899	9.12	0.2163 7.4 0.0000 0.3000 0.7000	0.2163 7.4 0.0000 0.3000 0.7000
949	9.55	0.2163 7.4 0.0000 0.3000 0.7000	0.2163 7.4 0.0000 0.3000 0.7000
999	9.97	0.2171 7.3 0.0000 0.3000 0.7000	0.2171 7.3 0.0000 0.3000 0.7000
best_performance: 749	7.71	0.2298 6.6 0.0000 0.3000 0.8000	0.2298 6.6 0.0000 0.3000 0.8000

optim:adam r:4.0 lamb:0.01, d:100, temp:2.0, lr:0.0001, N_1:30, N_2:30
49	1.72	0.1052 10.7 0.0000 0.0000 0.4000	0.1052 10.7 0.0000 0.0000 0.4000
99	2.13	0.1057 10.6 0.0000 0.0000 0.4000	0.1057 10.6 0.0000 0.0000 0.4000
149	2.52	0.1085 10.2 0.0000 0.0000 0.4000	0.1085 10.2 0.0000 0.0000 0.4000
199	2.91	0.1075 10.1 0.0000 0.0000 0.4000	0.1075 10.1 0.0000 0.0000 0.4000
249	3.30	0.1087 10.0 0.0000 0.0000 0.6000	0.1087 10.0 0.0000 0.0000 0.6000
299	3.69	0.1092 10.0 0.0000 0.0000 0.6000	0.1092 10.0 0.0000 0.0000 0.6000
349	4.14	0.1183 9.7 0.0000 0.0000 0.6000	0.1183 9.7 0.0000 0.0000 0.6000
399	4.59	0.1203 9.6 0.0000 0.0000 0.5000	0.1203 9.6 0.0000 0.0000 0.5000
449	5.05	0.1211 9.6 0.0000 0.0000 0.5000	0.1211 9.6 0.0000 0.0000 0.5000
499	5.49	0.1295 9.4 0.0000 0.0000 0.5000	0.1295 9.4 0.0000 0.0000 0.5000
549	5.94	0.1345 9.3 0.0000 0.0000 0.5000	0.1345 9.3 0.0000 0.0000 0.5000
599	6.40	0.1404 9.1 0.0000 0.0000 0.6000	0.1404 9.1 0.0000 0.0000 0.6000
649	6.89	0.1398 9.2 0.0000 0.0000 0.6000	0.1398 9.2 0.0000 0.0000 0.6000
699	7.34	0.1494 9.1 0.0000 0.1000 0.6000	0.1494 9.1 0.0000 0.1000 0.6000
749	7.81	0.1604 9.2 0.0000 0.1000 0.6000	0.1604 9.2 0.0000 0.1000 0.6000
799	8.26	0.1683 9.2 0.0000 0.2000 0.6000	0.1683 9.2 0.0000 0.2000 0.6000
849	8.76	0.1694 9.1 0.0000 0.2000 0.6000	0.1694 9.1 0.0000 0.2000 0.6000
899	9.24	0.1875 8.9 0.0000 0.2000 0.6000	0.1875 8.9 0.0000 0.2000 0.6000
949	9.67	0.1892 8.8 0.0000 0.2000 0.6000	0.1892 8.8 0.0000 0.2000 0.6000
999	10.14	0.1916 8.7 0.0000 0.2000 0.6000	0.1916 8.7 0.0000 0.2000 0.6000
best_performance: 999	10.14	0.1916 8.7 0.0000 0.2000 0.6000	0.1916 8.7 0.0000 0.2000 0.6000

optim:adam r:4.0 lamb:0.01, d:100, temp:2.0, lr:0.0001, N_1:30, N_2:30
49	1.73	0.1716 7.8 0.0000 0.1000 0.6000	0.1716 7.8 0.0000 0.1000 0.6000
99	2.12	0.1653 7.8 0.0000 0.1000 0.7000	0.1653 7.8 0.0000 0.1000 0.7000

optim:adam r:4.0 lamb:0.01, d:100, temp:2.0, lr:0.0001, N_1:30, N_2:30
49	1.68	0.1532 9.0 0.0000 0.1000 0.6000	0.1532 9.0 0.0000 0.1000 0.6000
99	2.06	0.1561 8.8 0.0000 0.1000 0.6000	0.1561 8.8 0.0000 0.1000 0.6000

optim:adam r:4.0 lamb:0.01, d:100, temp:2.0, lr:0.0001, N_1:30, N_2:30
49	1.72	0.2514 7.0 0.0000 0.4000 0.7000	0.2514 7.0 0.0000 0.4000 0.7000
99	2.11	0.2509 7.0 0.0000 0.4000 0.8000	0.2509 7.0 0.0000 0.4000 0.8000

optim:adam r:4.0 lamb:0.01, d:100, temp:2.0, lr:0.0001, N_1:30, N_2:30
49	1.72	0.1605 9.5 0.0000 0.1000 0.5000	0.1605 9.5 0.0000 0.1000 0.5000
99	2.11	0.1603 9.5 0.0000 0.1000 0.5000	0.1603 9.5 0.0000 0.1000 0.5000

optim:adam r:4.0 lamb:0.01, d:100, temp:2.0, lr:0.0001, N_1:30, N_2:30
49	1.80	0.1428 8.3 0.0000 0.1000 0.7000	0.1428 8.3 0.0000 0.1000 0.7000
99	2.19	0.1410 7.9 0.0000 0.0000 0.8000	0.1410 7.9 0.0000 0.0000 0.8000
149	2.59	0.1442 7.7 0.0000 0.0000 0.8000	0.1442 7.7 0.0000 0.0000 0.8000
199	3.00	0.1390 7.9 0.0000 0.0000 0.8000	0.1390 7.9 0.0000 0.0000 0.8000
249	3.39	0.1441 7.9 0.0000 0.0000 0.8000	0.1441 7.9 0.0000 0.0000 0.8000
299	3.80	0.1417 8.0 0.0000 0.0000 0.8000	0.1417 8.0 0.0000 0.0000 0.8000
349	4.23	0.1410 8.1 0.0000 0.0000 0.8000	0.1410 8.1 0.0000 0.0000 0.8000
399	4.67	0.1396 8.3 0.0000 0.0000 0.8000	0.1396 8.3 0.0000 0.0000 0.8000
449	5.09	0.1513 8.1 0.0000 0.1000 0.8000	0.1513 8.1 0.0000 0.1000 0.8000
499	5.54	0.1586 8.1 0.0000 0.1000 0.7000	0.1586 8.1 0.0000 0.1000 0.7000
549	6.00	0.1752 8.0 0.0000 0.1000 0.7000	0.1752 8.0 0.0000 0.1000 0.7000
599	6.47	0.1757 7.9 0.0000 0.1000 0.7000	0.1757 7.9 0.0000 0.1000 0.7000
649	6.94	0.1736 8.1 0.0000 0.1000 0.7000	0.1736 8.1 0.0000 0.1000 0.7000
699	7.38	0.1725 8.2 0.0000 0.1000 0.7000	0.1725 8.2 0.0000 0.1000 0.7000
749	7.83	0.1721 8.2 0.0000 0.1000 0.6000	0.1721 8.2 0.0000 0.1000 0.6000
799	8.29	0.1711 8.5 0.0000 0.1000 0.6000	0.1711 8.5 0.0000 0.1000 0.6000
849	8.79	0.1655 8.7 0.0000 0.1000 0.6000	0.1655 8.7 0.0000 0.1000 0.6000
899	9.24	0.1657 8.7 0.0000 0.1000 0.6000	0.1657 8.7 0.0000 0.1000 0.6000
949	9.71	0.1748 8.5 0.0000 0.2000 0.6000	0.1748 8.5 0.0000 0.2000 0.6000
999	10.16	0.1964 8.1 0.0000 0.2000 0.6000	0.1964 8.1 0.0000 0.2000 0.6000
best_performance: 999	10.16	0.1964 8.1 0.0000 0.2000 0.6000	0.1964 8.1 0.0000 0.2000 0.6000

optim:adam r:4.0 lamb:0.01, d:100, temp:2.0, lr:0.0001, N_1:30, N_2:30
49	1.69	0.1631 7.8 0.0000 0.0000 0.7000	0.1631 7.8 0.0000 0.0000 0.7000
99	2.08	0.1658 7.8 0.0000 0.0000 0.7000	0.1658 7.8 0.0000 0.0000 0.7000

optim:adam r:4.0 lamb:0.01, d:100, temp:2.0, lr:0.0001, N_1:30, N_2:30
49	1.64	0.1993 7.4 0.0000 0.2000 0.8000	0.1993 7.4 0.0000 0.2000 0.8000
99	2.02	0.1939 7.2 0.0000 0.1000 0.8000	0.1939 7.2 0.0000 0.1000 0.8000

optim:adam r:4.0 lamb:0.01, d:100, temp:2.0, lr:0.0001, N_1:30, N_2:30
49	1.65	0.1571 9.9 0.0000 0.2000 0.4000	0.1571 9.9 0.0000 0.2000 0.4000
99	2.06	0.1467 10.3 0.0000 0.1000 0.3000	0.1467 10.3 0.0000 0.1000 0.3000
149	2.44	0.1467 10.3 0.0000 0.1000 0.3000	0.1467 10.3 0.0000 0.1000 0.3000
199	2.82	0.1469 10.3 0.0000 0.1000 0.4000	0.1469 10.3 0.0000 0.1000 0.4000
249	3.20	0.1412 10.5 0.0000 0.1000 0.4000	0.1412 10.5 0.0000 0.1000 0.4000
299	3.58	0.1410 10.5 0.0000 0.1000 0.4000	0.1410 10.5 0.0000 0.1000 0.4000
349	4.00	0.1377 10.6 0.0000 0.1000 0.4000	0.1377 10.6 0.0000 0.1000 0.4000
399	4.46	0.1394 10.5 0.0000 0.1000 0.4000	0.1394 10.5 0.0000 0.1000 0.4000
449	4.90	0.1419 10.3 0.0000 0.1000 0.4000	0.1419 10.3 0.0000 0.1000 0.4000
499	5.35	0.1456 10.2 0.0000 0.1000 0.4000	0.1456 10.2 0.0000 0.1000 0.4000
549	5.80	0.1442 10.3 0.0000 0.1000 0.4000	0.1442 10.3 0.0000 0.1000 0.4000
599	6.25	0.1431 10.4 0.0000 0.1000 0.4000	0.1431 10.4 0.0000 0.1000 0.4000
649	6.72	0.1485 10.5 0.0000 0.2000 0.3000	0.1485 10.5 0.0000 0.2000 0.3000
699	7.24	0.1319 10.6 0.0000 0.2000 0.3000	0.1319 10.6 0.0000 0.2000 0.3000
749	7.70	0.1319 10.6 0.0000 0.2000 0.3000	0.1319 10.6 0.0000 0.2000 0.3000
799	8.17	0.1312 10.7 0.0000 0.2000 0.3000	0.1312 10.7 0.0000 0.2000 0.3000
849	8.62	0.1214 10.6 0.0000 0.1000 0.4000	0.1214 10.6 0.0000 0.1000 0.4000
899	9.13	0.1232 10.5 0.0000 0.1000 0.4000	0.1232 10.5 0.0000 0.1000 0.4000
949	9.63	0.1243 10.4 0.0000 0.1000 0.4000	0.1243 10.4 0.0000 0.1000 0.4000
999	10.08	0.1329 10.0 0.0000 0.1000 0.5000	0.1329 10.0 0.0000 0.1000 0.5000
best_performance: 49	1.65	0.1571 9.9 0.0000 0.2000 0.4000	0.1571 9.9 0.0000 0.2000 0.4000

optim:adam r:4.0 lamb:0.01, d:100, temp:2.0, lr:0.0001, N_1:30, N_2:30
49	1.65	0.0940 11.2 0.0000 0.0000 0.4000	0.0940 11.2 0.0000 0.0000 0.4000
99	2.05	0.0940 11.3 0.0000 0.0000 0.4000	0.0940 11.3 0.0000 0.0000 0.4000
149	2.43	0.0923 11.5 0.0000 0.0000 0.3000	0.0923 11.5 0.0000 0.0000 0.3000
199	2.82	0.0948 11.4 0.0000 0.0000 0.3000	0.0948 11.4 0.0000 0.0000 0.3000
249	3.20	0.0967 11.4 0.0000 0.0000 0.3000	0.0967 11.4 0.0000 0.0000 0.3000
299	3.58	0.0993 11.3 0.0000 0.0000 0.3000	0.0993 11.3 0.0000 0.0000 0.3000
349	3.98	0.1076 11.1 0.0000 0.0000 0.3000	0.1076 11.1 0.0000 0.0000 0.3000
399	4.41	0.1152 11.1 0.0000 0.1000 0.3000	0.1152 11.1 0.0000 0.1000 0.3000
449	4.85	0.1185 11.0 0.0000 0.1000 0.3000	0.1185 11.0 0.0000 0.1000 0.3000
499	5.28	0.1418 10.6 0.0000 0.1000 0.4000	0.1418 10.6 0.0000 0.1000 0.4000
549	5.72	0.1502 10.5 0.0000 0.2000 0.4000	0.1502 10.5 0.0000 0.2000 0.4000
599	6.17	0.1512 10.5 0.0000 0.2000 0.4000	0.1512 10.5 0.0000 0.2000 0.4000
649	6.62	0.1690 10.3 0.0000 0.2000 0.4000	0.1690 10.3 0.0000 0.2000 0.4000
699	7.13	0.1716 10.2 0.0000 0.2000 0.4000	0.1716 10.2 0.0000 0.2000 0.4000
749	7.57	0.1722 10.1 0.0000 0.2000 0.4000	0.1722 10.1 0.0000 0.2000 0.4000
799	8.01	0.1746 10.0 0.0000 0.2000 0.4000	0.1746 10.0 0.0000 0.2000 0.4000
849	8.46	0.1746 10.0 0.0000 0.2000 0.4000	0.1746 10.0 0.0000 0.2000 0.4000
899	8.91	0.1732 9.9 0.0000 0.2000 0.4000	0.1732 9.9 0.0000 0.2000 0.4000
949	9.38	0.1739 9.8 0.0000 0.2000 0.4000	0.1739 9.8 0.0000 0.2000 0.4000
999	9.83	0.1739 9.8 0.0000 0.2000 0.4000	0.1739 9.8 0.0000 0.2000 0.4000
best_performance: 799	8.01	0.1746 10.0 0.0000 0.2000 0.4000	0.1746 10.0 0.0000 0.2000 0.4000

optim:adam r:4.0 lamb:0.01, d:100, temp:2.0, lr:0.0001, N_1:30, N_2:30
49	7.59	0.1244 10.5 0.0000 0.1000 0.4000	0.1244 10.5 0.0000 0.1000 0.4000
99	7.99	0.1302 10.3 0.0000 0.1000 0.4000	0.1302 10.3 0.0000 0.1000 0.4000
149	8.38	0.1270 10.0 0.0000 0.0000 0.5000	0.1270 10.0 0.0000 0.0000 0.5000
199	8.73	0.1349 10.0 0.0000 0.1000 0.5000	0.1349 10.0 0.0000 0.1000 0.5000
249	9.08	0.1349 10.0 0.0000 0.1000 0.5000	0.1349 10.0 0.0000 0.1000 0.5000
299	9.42	0.1424 9.7 0.0000 0.1000 0.5000	0.1424 9.7 0.0000 0.1000 0.5000
349	9.78	0.1406 9.8 0.0000 0.1000 0.5000	0.1406 9.8 0.0000 0.1000 0.5000
399	10.16	0.1596 9.6 0.0000 0.1000 0.5000	0.1596 9.6 0.0000 0.1000 0.5000
449	10.60	0.1533 9.8 0.0000 0.1000 0.5000	0.1533 9.8 0.0000 0.1000 0.5000
499	10.99	0.1489 10.0 0.0000 0.1000 0.5000	0.1489 10.0 0.0000 0.1000 0.5000
549	11.35	0.1473 10.0 0.0000 0.1000 0.5000	0.1473 10.0 0.0000 0.1000 0.5000
599	11.71	0.1550 9.8 0.0000 0.1000 0.5000	0.1550 9.8 0.0000 0.1000 0.5000
649	12.11	0.1556 9.7 0.0000 0.1000 0.5000	0.1556 9.7 0.0000 0.1000 0.5000
699	12.54	0.1556 9.7 0.0000 0.1000 0.5000	0.1556 9.7 0.0000 0.1000 0.5000
749	12.91	0.1595 9.8 0.0000 0.2000 0.5000	0.1595 9.8 0.0000 0.2000 0.5000
799	13.28	0.1595 9.8 0.0000 0.2000 0.5000	0.1595 9.8 0.0000 0.2000 0.5000
849	13.68	0.1613 9.7 0.0000 0.2000 0.5000	0.1613 9.7 0.0000 0.2000 0.5000
899	14.06	0.1589 9.8 0.0000 0.2000 0.5000	0.1589 9.8 0.0000 0.2000 0.5000
949	14.52	0.1579 9.8 0.0000 0.2000 0.5000	0.1579 9.8 0.0000 0.2000 0.5000
999	14.89	0.1732 9.7 0.0000 0.2000 0.5000	0.1732 9.7 0.0000 0.2000 0.5000
best_performance: 999	14.89	0.1732 9.7 0.0000 0.2000 0.5000	0.1732 9.7 0.0000 0.2000 0.5000

optim:adam r:4.0 lamb:0.01, d:100, temp:2.0, lr:0.0001, N_1:30, N_2:30
49	2.22	0.1601 9.1 0.0000 0.1000 0.6000	0.1601 9.1 0.0000 0.1000 0.6000
99	2.57	0.1732 8.7 0.0000 0.1000 0.6000	0.1732 8.7 0.0000 0.1000 0.6000
149	2.92	0.1946 8.8 0.0000 0.2000 0.6000	0.1946 8.8 0.0000 0.2000 0.6000
199	3.27	0.1949 8.7 0.0000 0.2000 0.5000	0.1949 8.7 0.0000 0.2000 0.5000
249	3.62	0.1926 9.0 0.0000 0.2000 0.4000	0.1926 9.0 0.0000 0.2000 0.4000
299	3.98	0.1968 9.0 0.0000 0.2000 0.4000	0.1968 9.0 0.0000 0.2000 0.4000
349	4.36	0.2052 8.9 0.0000 0.3000 0.4000	0.2052 8.9 0.0000 0.3000 0.4000
399	4.75	0.2042 9.1 0.0000 0.3000 0.4000	0.2042 9.1 0.0000 0.3000 0.4000
449	5.12	0.2198 9.2 0.0000 0.3000 0.4000	0.2198 9.2 0.0000 0.3000 0.4000
499	5.50	0.2198 9.2 0.0000 0.3000 0.4000	0.2198 9.2 0.0000 0.3000 0.4000
549	5.90	0.2198 9.2 0.0000 0.3000 0.4000	0.2198 9.2 0.0000 0.3000 0.4000
599	6.31	0.2203 9.1 0.0000 0.3000 0.4000	0.2203 9.1 0.0000 0.3000 0.4000
649	6.72	0.2170 9.0 0.0000 0.3000 0.5000	0.2170 9.0 0.0000 0.3000 0.5000
699	7.17	0.2190 8.8 0.0000 0.3000 0.6000	0.2190 8.8 0.0000 0.3000 0.6000
749	7.62	0.2179 8.9 0.0000 0.3000 0.6000	0.2179 8.9 0.0000 0.3000 0.6000
799	8.01	0.2179 8.9 0.0000 0.3000 0.6000	0.2179 8.9 0.0000 0.3000 0.6000
849	8.41	0.2190 8.8 0.0000 0.3000 0.6000	0.2190 8.8 0.0000 0.3000 0.6000
899	8.81	0.2205 8.7 0.0000 0.3000 0.6000	0.2205 8.7 0.0000 0.3000 0.6000
949	9.22	0.2196 8.8 0.0000 0.3000 0.5000	0.2196 8.8 0.0000 0.3000 0.5000
999	9.63	0.2196 8.8 0.0000 0.3000 0.5000	0.2196 8.8 0.0000 0.3000 0.5000
best_performance: 899	8.81	0.2205 8.7 0.0000 0.3000 0.6000	0.2205 8.7 0.0000 0.3000 0.6000

optim:adam r:4.0 lamb:0.01, d:100, temp:2.0, lr:0.0001, N_1:30, N_2:30

optim:adam r:4.0 lamb:0.01, d:100, temp:2.0, lr:0.0001, N_1:30, N_2:30

optim:adam r:4.0 lamb:0.01, d:100, temp:2.0, lr:0.0001, N_1:30, N_2:30
